{
    "method": "ZPEBOP-1",
    "version": "1.0.0",
    "HF output file": "/ihome/jkeith/blz11/Miscellaneous/ZPVE-BOP_Project/zpve_1/codes/zpve1_codes/rohf_files/calicene.out",
    "date": "31-March-2024",
    "time": "22:45:37",
    "zero-point energy": 64.23474801543591,
    "bond energies": {
        "gross": {
            "total": [
                [
                    0.0,
                    0.0,
                    0.0,
                    0.0,
                    0.0,
                    0.0,
                    0.0,
                    0.0,
                    0.0,
                    0.0,
                    0.0,
                    0.0,
                    0.0,
                    0.0
                ],
                [
                    2.7129097436415996,
                    0.0,
                    0.0,
                    0.0,
                    0.0,
                    0.0,
                    0.0,
                    0.0,
                    0.0,
                    0.0,
                    0.0,
                    0.0,
                    0.0,
                    0.0
                ],
                [
                    0.11289153727916801,
                    1.6662940119168,
                    0.0,
                    0.0,
                    0.0,
                    0.0,
                    0.0,
                    0.0,
                    0.0,
                    0.0,
                    0.0,
                    0.0,
                    0.0,
                    0.0
                ],
                [
                    0.11289153727916801,
                    1.6662940119168,
                    2.407428030208,
                    0.0,
                    0.0,
                    0.0,
                    0.0,
                    0.0,
                    0.0,
                    0.0,
                    0.0,
                    0.0,
                    0.0,
                    0.0
                ],
                [
                    2.210314714656,
                    0.203578647362336,
                    0.013221150364704,
                    0.0036395556799999995,
                    0.0,
                    0.0,
                    0.0,
                    0.0,
                    0.0,
                    0.0,
                    0.0,
                    0.0,
                    0.0,
                    0.0
                ],
                [
                    2.210314714656,
                    0.203578647362336,
                    0.0036395556799999995,
                    0.013221150364704,
                    0.45914526026624003,
                    0.0,
                    0.0,
                    0.0,
                    0.0,
                    0.0,
                    0.0,
                    0.0,
                    0.0,
                    0.0
                ],
                [
                    0.483938089261088,
                    0.0053313215616,
                    4.5180691200000005e-05,
                    6.7670635264e-05,
                    2.8058514455168004,
                    0.435790432270752,
                    0.0,
                    0.0,
                    0.0,
                    0.0,
                    0.0,
                    0.0,
                    0.0,
                    0.0
                ],
                [
                    0.483938089261088,
                    0.0053313215616,
                    6.7670635264e-05,
                    4.5180691200000005e-05,
                    0.435790432270752,
                    2.8058514455168004,
                    2.2530305481472,
                    0.0,
                    0.0,
                    0.0,
                    0.0,
                    0.0,
                    0.0,
                    0.0
                ],
                [
                    0.008317790350304,
                    0.34547653979728,
                    5.09857774895232,
                    0.431207428457344,
                    0.00127409549184,
                    0.000329417439616,
                    4.1177179952e-05,
                    0.0,
                    0.0,
                    0.0,
                    0.0,
                    0.0,
                    0.0,
                    0.0
                ],
                [
                    0.008317790350304,
                    0.34547653979728,
                    0.431207428457344,
                    5.09857774895232,
                    0.000329417439616,
                    0.00127409549184,
                    0.0,
                    4.1177179952e-05,
                    0.035828940731584,
                    0.0,
                    0.0,
                    0.0,
                    0.0,
                    0.0
                ],
                [
                    0.873944467301248,
                    0.04817730054383999,
                    0.00374096123136,
                    0.0007411892391359999,
                    5.27022823095936,
                    0.01874546877888,
                    0.855991216842176,
                    0.02450600690688,
                    0.0010507020742400001,
                    0.0,
                    0.0,
                    0.0,
                    0.0,
                    0.0
                ],
                [
                    0.873944467301248,
                    0.04817730054383999,
                    0.0007411892391359999,
                    0.00374096123136,
                    0.01874546877888,
                    5.27022823095936,
                    0.02450600690688,
                    0.855991216842176,
                    0.0,
                    0.0010507020742400001,
                    0.001470982903936,
                    0.0,
                    0.0,
                    0.0
                ],
                [
                    0.026268053863680002,
                    0.0009882523188479999,
                    -0.0,
                    0.0,
                    0.915286355973056,
                    0.02117167189632,
                    5.269848713153279,
                    0.878597488635824,
                    0.0,
                    -0.0,
                    0.111164279454592,
                    0.001891263733632,
                    0.0,
                    0.0
                ],
                [
                    0.026268053863680002,
                    0.0009882523188479999,
                    0.0,
                    -0.0,
                    0.02117167189632,
                    0.915286355973056,
                    0.878597488635824,
                    5.269848713153279,
                    -0.0,
                    0.0,
                    0.001891263733632,
                    0.111164279454592,
                    0.067875353995904,
                    0.0
                ]
            ]
        },
        "net": {
            "total": [
                [
                    0.0,
                    0.0,
                    0.0,
                    0.0,
                    0.0,
                    0.0,
                    0.0,
                    0.0,
                    0.0,
                    0.0,
                    0.0,
                    0.0,
                    0.0,
                    0.0
                ],
                [
                    2.7129097436415996,
                    0.0,
                    0.0,
                    0.0,
                    0.0,
                    0.0,
                    0.0,
                    0.0,
                    0.0,
                    0.0,
                    0.0,
                    0.0,
                    0.0,
                    0.0
                ],
                [
                    0.11289153727916801,
                    1.6662940119168,
                    0.0,
                    0.0,
                    0.0,
                    0.0,
                    0.0,
                    0.0,
                    0.0,
                    0.0,
                    0.0,
                    0.0,
                    0.0,
                    0.0
                ],
                [
                    0.11289153727916801,
                    1.6662940119168,
                    2.407428030208,
                    0.0,
                    0.0,
                    0.0,
                    0.0,
                    0.0,
                    0.0,
                    0.0,
                    0.0,
                    0.0,
                    0.0,
                    0.0
                ],
                [
                    2.210314714656,
                    0.203578647362336,
                    0.013221150364704,
                    0.0036395556799999995,
                    0.0,
                    0.0,
                    0.0,
                    0.0,
                    0.0,
                    0.0,
                    0.0,
                    0.0,
                    0.0,
                    0.0
                ],
                [
                    2.210314714656,
                    0.203578647362336,
                    0.0036395556799999995,
                    0.013221150364704,
                    0.45914526026624003,
                    0.0,
                    0.0,
                    0.0,
                    0.0,
                    0.0,
                    0.0,
                    0.0,
                    0.0,
                    0.0
                ],
                [
                    0.483938089261088,
                    0.0053313215616,
                    4.5180691200000005e-05,
                    6.7670635264e-05,
                    2.8058514455168004,
                    0.435790432270752,
                    0.0,
                    0.0,
                    0.0,
                    0.0,
                    0.0,
                    0.0,
                    0.0,
                    0.0
                ],
                [
                    0.483938089261088,
                    0.0053313215616,
                    6.7670635264e-05,
                    4.5180691200000005e-05,
                    0.435790432270752,
                    2.8058514455168004,
                    2.2530305481472,
                    0.0,
                    0.0,
                    0.0,
                    0.0,
                    0.0,
                    0.0,
                    0.0
                ],
                [
                    0.008317790350304,
                    0.34547653979728,
                    5.09857774895232,
                    0.431207428457344,
                    0.00127409549184,
                    0.000329417439616,
                    4.1177179952e-05,
                    0.0,
                    0.0,
                    0.0,
                    0.0,
                    0.0,
                    0.0,
                    0.0
                ],
                [
                    0.008317790350304,
                    0.34547653979728,
                    0.431207428457344,
                    5.09857774895232,
                    0.000329417439616,
                    0.00127409549184,
                    0.0,
                    4.1177179952e-05,
                    0.035828940731584,
                    0.0,
                    0.0,
                    0.0,
                    0.0,
                    0.0
                ],
                [
                    0.873944467301248,
                    0.04817730054383999,
                    0.00374096123136,
                    0.0007411892391359999,
                    5.27022823095936,
                    0.01874546877888,
                    0.855991216842176,
                    0.02450600690688,
                    0.0010507020742400001,
                    0.0,
                    0.0,
                    0.0,
                    0.0,
                    0.0
                ],
                [
                    0.873944467301248,
                    0.04817730054383999,
                    0.0007411892391359999,
                    0.00374096123136,
                    0.01874546877888,
                    5.27022823095936,
                    0.02450600690688,
                    0.855991216842176,
                    0.0,
                    0.0010507020742400001,
                    0.001470982903936,
                    0.0,
                    0.0,
                    0.0
                ],
                [
                    0.026268053863680002,
                    0.0009882523188479999,
                    -0.0,
                    0.0,
                    0.915286355973056,
                    0.02117167189632,
                    5.269848713153279,
                    0.878597488635824,
                    0.0,
                    -0.0,
                    0.111164279454592,
                    0.001891263733632,
                    0.0,
                    0.0
                ],
                [
                    0.026268053863680002,
                    0.0009882523188479999,
                    0.0,
                    -0.0,
                    0.02117167189632,
                    0.915286355973056,
                    0.878597488635824,
                    5.269848713153279,
                    -0.0,
                    0.0,
                    0.001891263733632,
                    0.111164279454592,
                    0.067875353995904,
                    0.0
                ]
            ]
        },
        "composite table": [
            [
                0.0,
                2.7129097436415996,
                0.11289153727916801,
                0.11289153727916801,
                2.210314714656,
                2.210314714656,
                0.483938089261088,
                0.483938089261088,
                0.008317790350304,
                0.008317790350304,
                0.873944467301248,
                0.873944467301248,
                0.026268053863680002,
                0.026268053863680002
            ],
            [
                2.7129097436415996,
                0.0,
                1.6662940119168,
                1.6662940119168,
                0.203578647362336,
                0.203578647362336,
                0.0053313215616,
                0.0053313215616,
                0.34547653979728,
                0.34547653979728,
                0.04817730054383999,
                0.04817730054383999,
                0.0009882523188479999,
                0.0009882523188479999
            ],
            [
                0.11289153727916801,
                1.6662940119168,
                0.0,
                2.407428030208,
                0.013221150364704,
                0.0036395556799999995,
                4.5180691200000005e-05,
                6.7670635264e-05,
                5.09857774895232,
                0.431207428457344,
                0.00374096123136,
                0.0007411892391359999,
                -0.0,
                0.0
            ],
            [
                0.11289153727916801,
                1.6662940119168,
                2.407428030208,
                0.0,
                0.0036395556799999995,
                0.013221150364704,
                6.7670635264e-05,
                4.5180691200000005e-05,
                0.431207428457344,
                5.09857774895232,
                0.0007411892391359999,
                0.00374096123136,
                0.0,
                -0.0
            ],
            [
                2.210314714656,
                0.203578647362336,
                0.013221150364704,
                0.0036395556799999995,
                0.0,
                0.45914526026624003,
                2.8058514455168004,
                0.435790432270752,
                0.00127409549184,
                0.000329417439616,
                5.27022823095936,
                0.01874546877888,
                0.915286355973056,
                0.02117167189632
            ],
            [
                2.210314714656,
                0.203578647362336,
                0.0036395556799999995,
                0.013221150364704,
                0.45914526026624003,
                0.0,
                0.435790432270752,
                2.8058514455168004,
                0.000329417439616,
                0.00127409549184,
                0.01874546877888,
                5.27022823095936,
                0.02117167189632,
                0.915286355973056
            ],
            [
                0.483938089261088,
                0.0053313215616,
                4.5180691200000005e-05,
                6.7670635264e-05,
                2.8058514455168004,
                0.435790432270752,
                0.0,
                2.2530305481472,
                4.1177179952e-05,
                0.0,
                0.855991216842176,
                0.02450600690688,
                5.269848713153279,
                0.878597488635824
            ],
            [
                0.483938089261088,
                0.0053313215616,
                6.7670635264e-05,
                4.5180691200000005e-05,
                0.435790432270752,
                2.8058514455168004,
                2.2530305481472,
                0.0,
                0.0,
                4.1177179952e-05,
                0.02450600690688,
                0.855991216842176,
                0.878597488635824,
                5.269848713153279
            ],
            [
                0.008317790350304,
                0.34547653979728,
                5.09857774895232,
                0.431207428457344,
                0.00127409549184,
                0.000329417439616,
                4.1177179952e-05,
                0.0,
                0.0,
                0.035828940731584,
                0.0010507020742400001,
                0.0,
                0.0,
                -0.0
            ],
            [
                0.008317790350304,
                0.34547653979728,
                0.431207428457344,
                5.09857774895232,
                0.000329417439616,
                0.00127409549184,
                0.0,
                4.1177179952e-05,
                0.035828940731584,
                0.0,
                0.0,
                0.0010507020742400001,
                -0.0,
                0.0
            ],
            [
                0.873944467301248,
                0.04817730054383999,
                0.00374096123136,
                0.0007411892391359999,
                5.27022823095936,
                0.01874546877888,
                0.855991216842176,
                0.02450600690688,
                0.0010507020742400001,
                0.0,
                0.0,
                0.001470982903936,
                0.111164279454592,
                0.001891263733632
            ],
            [
                0.873944467301248,
                0.04817730054383999,
                0.0007411892391359999,
                0.00374096123136,
                0.01874546877888,
                5.27022823095936,
                0.02450600690688,
                0.855991216842176,
                0.0,
                0.0010507020742400001,
                0.001470982903936,
                0.0,
                0.001891263733632,
                0.111164279454592
            ],
            [
                0.026268053863680002,
                0.0009882523188479999,
                -0.0,
                0.0,
                0.915286355973056,
                0.02117167189632,
                5.269848713153279,
                0.878597488635824,
                0.0,
                -0.0,
                0.111164279454592,
                0.001891263733632,
                0.0,
                0.067875353995904
            ],
            [
                0.026268053863680002,
                0.0009882523188479999,
                0.0,
                -0.0,
                0.02117167189632,
                0.915286355973056,
                0.878597488635824,
                5.269848713153279,
                -0.0,
                0.0,
                0.001891263733632,
                0.111164279454592,
                0.067875353995904,
                0.0
            ]
        ]
    },
    "sorted net bond energies": {
        "sorted bonds": [
            "C3-C5",
            "C4-C6",
            "C5-H12",
            "C6-H11",
            "C5-H14",
            "C6-H13",
            "C7-H12",
            "C8-H11",
            "C1-H13",
            "C1-H14",
            "H9-H10",
            "C2-H12",
            "C2-H11",
            "H13-H14",
            "H11-H13",
            "H12-H14",
            "C1-C4",
            "C1-C3",
            "C2-C6",
            "C2-C5",
            "C2-H10",
            "C2-H9",
            "C3-H10",
            "C4-H9",
            "C5-C8",
            "C6-C7",
            "C5-C6",
            "C1-C8",
            "C1-C7",
            "C8-H12",
            "C7-H11",
            "C1-H12",
            "C1-H11",
            "C7-H14",
            "C8-H13",
            "C6-H14",
            "C5-H13",
            "C2-C3",
            "C2-C4",
            "C1-C5",
            "C1-C6",
            "C7-C8",
            "C3-C4",
            "C1-C2",
            "C6-C8",
            "C5-C7",
            "C3-H9",
            "C4-H10",
            "C8-H14",
            "C7-H13",
            "C6-H12",
            "C5-H11"
        ],
        "bond energies": [
            0.013221150364704,
            0.013221150364704,
            0.01874546877888,
            0.01874546877888,
            0.02117167189632,
            0.02117167189632,
            0.02450600690688,
            0.02450600690688,
            0.026268053863680002,
            0.026268053863680002,
            0.035828940731584,
            0.04817730054383999,
            0.04817730054383999,
            0.067875353995904,
            0.111164279454592,
            0.111164279454592,
            0.11289153727916801,
            0.11289153727916801,
            0.203578647362336,
            0.203578647362336,
            0.34547653979728,
            0.34547653979728,
            0.431207428457344,
            0.431207428457344,
            0.435790432270752,
            0.435790432270752,
            0.45914526026624003,
            0.483938089261088,
            0.483938089261088,
            0.855991216842176,
            0.855991216842176,
            0.873944467301248,
            0.873944467301248,
            0.878597488635824,
            0.878597488635824,
            0.915286355973056,
            0.915286355973056,
            1.6662940119168,
            1.6662940119168,
            2.210314714656,
            2.210314714656,
            2.2530305481472,
            2.407428030208,
            2.7129097436415996,
            2.8058514455168004,
            2.8058514455168004,
            5.09857774895232,
            5.09857774895232,
            5.269848713153279,
            5.269848713153279,
            5.27022823095936,
            5.27022823095936
        ]
    }
}